+917502828389
+919865726173
+917502752751
+919843385102
+919688888335
+919626838677
+919715345927
+919677360453
+919597383103
+919943884736
+918270847809
+918098947489
+919865130478
+919965087080
+919524426302
+918098669103
+919698512346
+919585641528
+919943368714
+919524519634
+919566337250
+919566894870
+919442949728
+919159184185
+919952616483
+919095243890
+918870103370
+919629120100
+918220177819
+919944643979
+919952439686
+919842916352
+919688194048
+919865149627
+919698282653
+919943354192
+919524588469
+917418576136
+919750292146
+919751357005
+919443915615
+918508754493
+919943522617
+919043694000
+918675716721
+919750258358
+919842419184
+919943240966
+919786710748
+919443222093
+919791550823
+919965872951
+919655899061
+919952762705
+918870150101
+919042471715
+918098930256
+919894909787
+919976605403
+919750655241
+919442009124
+919585339531
+918524878065
+916382321062
+919790138898
+919965768153
+919791225216
+919360674142
+919944112192
+919080809556
+919585130624
+918973691608
+919787367493
+919047661769
+917845874569
+919843425889
+919751294135
+919787805885
+918754625817
+919943964492
+919786118626
+919159025667
+917550341682
+919360361101
+919787362538
+919626657263
+919698904576
+919585381707
+919585381476
+917373133563
+919843939838
+919976716008
+919943276091
+919751853303
+919787301697
+918098024960
+919047186505
+918012058153
+919787421862
+919159999510
+919003754903
+919688377528
+919940779538
+919842658701
+919942109669
+919047486038
+919751430722
+917502553154
+919894993920
+918925203456
+919789516469
+919600245584
+919786754602
+919655176088
+919597075694
+919159517774
+917826868384
+918675172564
+917708730824
+918838538056
+918524078713
+917639084997
+919790011137
+919025014983
+919843927825
+919597638291
+918531994093
+919047056469
+919942521160
+918056885991
+919688035750
+919047609844
+916369710742
+919943536866
+919600293359
+919943130486
+919095172550
+917639562673
+919698550675
+918531883937
+919659339776
+919751092294
+919585442155
+919655302155
+919751101417
+919952366950
+918524078861
+919843712267
+919047786813
+919095966331
+919698579462
+919087249381
+917708861796
+919585033484
+919942134939
+919788037378
+919677671692
+919884296990
+919047995704
+918870183294
+919486185093
+919786589948
+919629103011
+917094268196
+919047280158
+919789709225
+919524003840
+919047280305
+919159845793
+919751867056
+919786155162
+919842624492
+919585669379
+919047766637
+918754091950
+919486706072
+918098713412
+919159429313
+919787385211
+919487193242
+919244428861
+917373646464
+918098659049
+919943233202
+919500968008
+919698592455
+919043544123
+919943286937
+918056528384
+919698702639
+918098216481
+918870507520
+919629878272
+919585121483
+917639227611
+919585024588
+917639806141
+917373170640
+917708863721
+919047818879
+919786682133
+919486544705
+919095104460
+919629346650
+919047282611
+919159529742
+918940522823
+919965946342
+919751714085
+919600054844
+918975220736
+919940987929
+918760691712
+919715594732
+919865818764
+919943282896
+918965423895
+919566364005
+919659608064
+919941425152
+918606144512
+918925066240
+919786866962
+919600359424
+917397573340
+917965809782
+919943457669
+919790674944
+919655781921
+918760976618
+919524103161
+918675718253
+919865273344
+919786063166
+919787753654
+918220556288
+919597015490
+918973514752
+919655665664
+919790608384
+919655637199
+919159662081
+919753324810
+918567942035
+919095965442
+919047808636
+918976542130
+919585785856
+918883414328
+917924630187
+917896542318
+919626890404
+919942488074
+919786608772
+919984562643
+919865420705
+918064795312
+919047374770
+919159344128
+917463210879
+917836421589
+917094649674
+919585828864
+918973817353
+919751762628
+919863750278
+919944037376
+919843242882
+919626636230
+918097564123
+919787294563
+918940408345
+919095441984
+919788457479
+919486152349
+918790825908
+919443367300
+919025482929
+919443644781
+919976690287
+919943027031
+919443379890
+919443417175
+917402217232
+919442739648
+919715569315
+919626364603
+918678962112
+919788984031
+919842410001
+919976577636
+918870602039
+919842414040
+919943012126
+919345990263
+919443048714
+919043099454
+919842079965
+919443592359
+919788788923
+919865337744
+919443587980
+919750934876
+919443156665
+919894045703
+918754742272
+919944970915
+919943452148
+916385615981
+919942870676
+919443306696
+919443489092
+919443726853
+919597007622
+919943903857
+919626774995
+919442159547
+919894056383
+919626113460
+919443470199
+917639769193
+919626649994
+918754702345
+919842260645
+919842978999
+919894522309
+919382366226
+919445771022
+918825109221
+919626250699
+919940734004
+918903648719
+919790181588
+919842475003
+919943962899
+919442819340
+919003352373
+919443180437
+917845673200
+919443120732
+918825772624
+919976478832
+919443678243
+919842452391
+919442767474
+919444358191
+919443456451
+919894858441
+919442427278
+919787484897
+919944447664
+918883764550
+919842674266
+919940807037
+919677775959
+919543521232
+919787329378
+919942813821
+919488621851
+919894155918
+919443665343
+919894905414
+919488556263
+917867058865
+919791946876
+919688758000
+917598072900
+919443337774
+919486568215
+919896488559
+919626996613
+919600676954
+919566553966
+918903722355
+919443122877
+919751341358
+919786363753
+919786304512
+919788781027
+919444846155
+919597161337
+917550230675
+919487300328
+919443031658
+919443485919
+919443424916
+919443233143
+919486339839
+919894728268
+919003330619
+919443164077
+919942827800
+919940377407
+919600415140
+918925580166
+919443007519
+918220806475
+919894153969
+919498163043
+919865674405
+919443193371
+919791577088
+919698986795
+919442515369
+919994461936
+919659423472
+919003802218
+919500962605
+919578311506
+918015221744
+919500339576
+919787799334
+919443659997
+919486277632
+919003976764
+919600124750
+919047190458
+918675561863
+918508677347
+919629015464
+918098846089
+919443418268
+919629035533
+919095582346
+917598119623
+919940914042
+919443594546
+917845499392
+919965354332
+919487562415
+919952844934
+919003653291
+919788080737
+919443668530
+919940788955
+919944915636
+919965472561
+919865945998
+918148468920
+919443594663
+919500271576
+919003580619
+918675357325
+919245125003
+919442932825
+918012891165
+919443732249
+919976120828
+917708809091
+919787338626
+919710458135
+919688096954
+919944454720
+919600357674
+919976813708
+919865721170
+919585052859
+919360637191
+919787196868
+919952843782
+919262027716
+917373210533
+919489256320
+919843622176
+919443747937
+919894490040
+919786145105
+919442987152
+919150738216
+919443425257
+919751205209
+919715307758
+919655882818
+918056723456
+919500255232
+919677611316
+919842678947
+919488610386
+919789152114
+919442705566
+918489493838
+919751248584
+919629872387
+919943701833
+917598278655
+919659440828
+916374187499
+917639495494
+919626370109
+918940350633
+919626925314
+918248595217
+918270148446
+919965611405
+917639760021
+919500489502
+919943852428
+919789348357
+919952632927
+919843454945
+919487912511
+919791751186
+919003863189
+917502252868
+919626209650
+919940914214
+919444353165
+919952064650
+919500064552
+918760407956
+919786876933
+918526895464
+919894593916
+919489914108
+918508448455
+919597211044
+918940768086
+919894954291
+919443589510
+917639410790
+919585260006
+918870452968
+919865983849
+919600717256
+919080036500
+918122991967
+919894549365
+919444456381
+919442848988
+919443504115
+919362636962
+919994181094
+919842336291
+919566062172
+918344854197
+918015161145
+919488866651
+919444418220
+918220400277
+919003871351
+918682837421
+919940726335
+918489138123
+919688525270
+919443786388
+919442929760
+919486689512
+919443193268
+918870563673
+919345927253
+919095870100
+919443873053
+919688146232
+918883917816
+919942471489
+919095359743
+919629939602
+919047499856
+919094799881
+919578161319
+918668078157
+916379995483
+919787484036
+919751216809
+918883936256
+919585823744
+919840468801
+919787915386
+919952197283
+919176503548
+919443679232
+917708420292
+919442903252
+918012488704
+919444749195
+918526454272
+919600401637
+919486408422
+918428883825
+919843865424
+918098795520
+919559697408
+919894102016
+917373924352
+919443627008
+919150703616
+917502788608
+919750048242
+919488418816
+919994546573
+918300743962
+919442080293
+919585265664
+918760340480
+919597121752
+919944782724
+919791447040
+919443179822
+919092263936
+918344006656
+919894234112
+919944015872
+918098819186
+919786530687